384.919 541.94 394.79 534.06
483.201 536.489 500.948 536.82
398.374 538 407.626 538
229.528 534.949 234.558 538.214
163.324 535.031 167.774 538.067
405.291 535.423 418.372 535.387
371.632 535.843 383.555 536.058
515.399 532.591 516.72 538.492
199.525 535.801 215.885 537.57
27.1221 530.962 32.8779 543.038
12.7813 537.288 17.6691 533.246
251.062 538.083 257.086 532.078
121.845 537.737 131.041 532.853
180.201 530.401 188.523 540.524
45.6473 537.453 48.167 530.738
229.256 537.551 232.744 531.074
511.2 536.735 517.497 528.696
518.669 527.004 521.323 537.454
185.181 539.358 187.056 527.045
89.3669 533.757 102.216 528.696
380 529 383 529
54.7163 526.745 80.2585 531.281
20.1679 530.023 28.3088 526.997
26 527.725 26 525.275
393.935 534.903 400.865 517.097
239.203 523.832 248.008 536.306
337.194 531.955 350.01 524.093
185.855 523.585 193.268 535.322
190.156 528.664 194.93 531.199
94.7988 523.478 101.621 527.08
380.159 522.373 396.446 534.566
360.141 526.97 365.731 520.229
496.045 522.776 502.622 517.891
420.99 524.409 424.706 520.057
323.305 524.543 337.937 520.946
29.3458 519.729 35.0882 532.956
492.351 519.644 501.733 528.03
402.063 520.085 414.438 526.174
402.302 522.74 404.159 518.825
101.749 517.798 102.425 524.645
251.271 519.481 270.208 526.945
261.908 524.5 266.092 524.5
525.577 517.211 531.628 521.644
496.035 516.829 501.506 519.104
473.268 518.303 480.619 517.772
340.401 523.419 343.728 518.458
233.612 522.718 249.348 519.321
118.29 521.032 139.915 523.173
109.264 536.977 109.685 517.23
483.674 518.3 485.666 515.942
160.608 515.303 178.39 519.635
38.559 514.279 43.7007 520.316
494.362 514.185 496.638 514.815
253.213 514.592 259.006 517.973
254 516 257 516
79.8782 520.18 82.4447 511.658
79.367 515.633 82.633 512.367
476.054 513.96 480.959 511.892
383.211 515.343 398.296 512.31
88.5717 511.315 89.5064 524.81
88.2 515.99 89.7277 523.681
2.75363 511.255 4.23017 532.222
5.58361 511.223 11.9435 525.913
470.726 514.139 478.445 508.946
330.137 511.834 342.288 510.833
459.477 513.062 468.523 506.938
412.437 509.649 413.563 509.351
495.816 508.646 507.178 528.459
344.754 515.425 355.195 507.242
161.487 507.905 165.585 508.213
109.233 510.558 114.408 508.932
110.217 510.444 135.192 508.377
483.545 513.794 485.559 506.668
253.906 507.706 271.4 515.784
147.089 504.014 155.676 518.797
400.97 510.302 417.434 507.328
324.666 523.843 324.666 508.167
11.6704 505.95 20.2713 512.643
346.533 507.813 355.004 500.576
17.5818 504.82 28.1493 509.033
17.1481 503.239 23.8599 509.187
333.271 506.509 343.48 501.999
520 515 523 515
315.444 504.235 322.032 501.848
259.439 501.779 279.844 515.131
196.002 501.875 198.67 499.995
180.739 504.048 188.635 502.309
181.882 506.118 187.226 500.774
404.331 510.089 414.727 499.997
96.7677 500.852 101.01 498.178
228.5 499.081 228.5 495.919
186.072 497.354 190.587 500.771
47.8248 513.841 51.74 515.698
303.568 495.438 304.95 509.581
231.343 504.5 247.526 497.901
184 512 187 512
161.263 495.895 178.217 514.071
403.265 500.662 408.996 495.396
102.952 497.006 122.838 498.154
39.1779 491.696 47.035 495.213
325.983 489.907 329.603 491.886
122.267 490.979 135.793 500.972
522.144 488.994 523.001 498.056
453.386 499.567 453.756 488.459
333.209 486.276 342.982 495.868
342.5 497.081 342.5 493.919
339.251 498.109 339.9 494.012
298.624 494.521 308.029 489.173
94.3584 488.348 113.288 496.556
437.001 501.185 448.283 486.508
448.5 498.081 448.5 494.919
437.519 490.282 449.995 492.332
433.497 492.672 451.412 488.409
245.854 487.5 251.146 487.5
182.462 484.403 195.798 495.94
547.5 487.018 547.5 488.982
460.007 487.317 487.992 495.68
478.109 490.31 479.175 494.051
468.054 489.653 477.723 491.02
400.135 481.225 412.109 491.963
392.751 492.627 395.903 482.594
92.8474 483.934 114.155 492.5
214.385 493.619 224.312 482.757
39.7541 483.895 44.7324 481.978
348.627 480.594 364.36 489.931
454.717 483.133 461.661 479.983
361.885 480.932 368.235 489.743
226.675 483.143 231.367 481.406
412.642 480.352 424.59 482.33
420.551 479.155 423.449 483.845
322.523 486.307 333.465 478.629
356.035 501.896 357.752 495.856
47.7052 479.424 47.7052 463.364
34.1265 482.095 53.5583 486.517
408.073 477.073 410.103 479.103
537.03 480.923 539.246 483.091
204.25 480.18 214.791 480.144
-0.218376 480.277 11.8516 478.735
472.257 480.46 500.824 477.243
486 478 489 478
382 476.41 382 478.923
408.222 474.413 415.749 477.484
389.305 472.587 413.031 484.984
373.324 474.509 380.262 485.411
300.604 491.726 314.045 475.645
125.312 474.156 130.12 478.656
508.518 475.907 529.747 479.84
38.9306 475.193 47.5994 472.746
209.697 472.364 214.114 480.117
199.284 476.679 199.725 470.177
86.8827 471.749 101.576 477.168
87.5251 471.582 101.191 477.582
370.303 472.867 375.825 469.752
294.56 470.9 311.34 471.91
161.314 471.028 164.146 484.563
519.668 469.216 520.464 476.398
167.731 476.876 170.284 483.176
173.141 490.512 181.237 471.503
172.879 478.546 177.686 486.497
2.56895 469.185 3.80583 485.427
319.441 480.403 341.695 470.436
323.563 473.119 327.447 481.572
392.405 467.41 392.692 468.441
133.115 467.426 136.147 471.636
133.367 468.367 136.633 471.633
395.263 468.803 403.633 470.968
142.192 463.764 142.797 471.886
142.5 469.081 142.5 465.919
90.6464 461.574 120.08 472.934
118.5 475.049 118.5 469.951
531.533 465.56 535.437 478.67
515.279 471.035 517.461 465.333
457.892 465.041 459.96 469.946
96.3249 464.806 114.487 469.729
23.0888 467.153 23.8017 464.519
17.26 465.621 21.2371 464.477
246.658 462.97 247.734 471.951
533.104 466.944 543.382 464.076
473.027 463.855 497.256 468.295
251 465.732 251 462.268
159.543 461.728 162.902 467.708
159.295 462.553 163.445 466.458
72.9976 462.944 88.4984 468.642
72.6664 462.533 86.4007 468.236
44.1378 486.656 49.3485 488.809
49.5929 485.593 53.5688 489.569
52.9317 487.408 54.5584 482.233
476.945 471.667 483.055 471.667
390 497.236 390 492.764
378.733 496.719 388.861 493.237
516.421 460.299 526.057 464.274
304.282 464.993 324.362 466.377
277.094 476.667 281.06 461.366
70.4343 458.754 71.593 476.784
318.49 457.603 328.067 483.248
318 458 321 458
252.076 458.34 253.88 472.137
406.626 471.064 409.976 457.362
97.6706 457.255 121.579 466.611
98.6072 457.365 122.309 467.042
381.329 453.148 384.743 456.752
268.517 469.264 275.989 455.834
49.15 463.353 55.3069 455.985
405.015 460.145 405.015 456.254
77.6087 498.704 81.6155 495.838
86.9555 490.682 97.0189 493.973
69.9987 491.598 87.1478 490.819
65 488.974 65 484.396
79.8173 479.156 86.5912 480.406
75.7006 480.884 79.8632 477.562
297.316 459.356 314.512 458.496
263.184 460.934 270.963 452.093
530.008 470.727 530.008 457.885
109.716 455.874 134.983 464.784
131.579 460.472 136.77 462.399
344.356 459.502 363.656 454.411
346.68 461.222 358.048 453.783
506.5 458.207 506.5 456.793
546.5 450.707 546.5 449.293
424.115 453.761 448.662 456.159
441.334 459.313 450.7 455.147
158.575 448.791 159.562 455.356
517.953 446.339 520.766 452.763
517.295 447.553 521.445 451.458
377.782 447.809 378.806 457.874
298.839 447.043 315.411 453
141.276 445.392 143.412 450.796
24.5102 450.848 51.0206 449.788
40.5011 453.161 50.0885 449.916
51.3285 447.233 52.3695 453.578
483.32 444.483 487.321 449.351
483.934 444.311 486.959 449.5
423.333 446.169 428.002 445.382
392.241 448.547 400.032 447.561
198.002 452.188 216.43 451.404
112.269 445.171 125.11 450.579
112.983 444.8 117.899 447.477
60.8586 446.644 83.3494 444.871
60.104 444.839 66.0324 446.969
465.885 444.363 477.357 449.584
88.3096 461.591 104.906 442.116
71.0132 456.571 94.3538 442.832
87.2547 447.585 95.5451 441.608
422.557 441.674 449.002 448.646
443.945 447.5 450.055 447.5
418.915 463.214 434.046 469.245
363.3 448.419 367.224 439.491
446.986 438.81 460.163 448.437
455.635 442.059 458.355 449.069
39.8781 440.42 47.9152 442.107
40.0736 439.361 46.8399 443.02
408.294 450.313 408.33 435.849
156.501 434.678 158.236 440.239
108.11 435.007 113.403 438.801
108.359 434.359 112.641 438.641
24.5 436.874 24.5 435.46
527.088 436.208 535.828 434.116
177.038 437.714 184.025 433.721
81.457 438.883 92.4673 434.589
462.975 436.255 486.691 438.824
462.623 436.018 485.723 437.728
74.9603 431.85 75.8882 437.993
73.8841 431.83 76.7503 437.72
59.9609 433.322 67.7917 439.74
59.4221 435.631 65.7666 436.672
10.3616 437.366 21.086 437.051
11.4655 439.933 20.1791 434.631
392.301 432.057 404.971 436.152
384.883 432.271 404.38 439.612
22.4751 431.144 29.95 432.58
79.5192 433.415 85.9348 430.764
48.9047 445.898 50.3834 429.44
47.7462 433 53.2538 433
535.138 429.243 536.403 441.323
171.914 438.223 185.09 430.659
488.417 425.218 493.758 440.809
490.29 435.864 494.956 439.373
488.895 426.812 492.067 434.815
439.769 430.591 465.586 429.754
440.33 429.94 451.427 431.089
449.951 432.513 465.771 427.641
31.1002 441.081 41.3286 428.216
16.5139 431.309 17.9395 427.023
478.824 426.37 485.373 425.757
479.104 425.124 483.987 426.991
173.039 424.313 181.355 425.32
62.59 430.472 66.0756 421.422
523.667 422.442 529.203 414.742
482.477 422.363 500.758 433.058
432.761 421.932 453.487 422.471
433.201 421.901 452.636 422.477
355.695 419.226 380.916 431.191
357.026 419.575 380.778 431.55
36.9164 415.21 42.1817 423.638
512.406 417.698 516.723 420.15
514 419.725 514 417.275
473.267 417.207 482.307 421.611
409.908 417.5 414.092 417.5
412 418.725 412 416.275
374.58 416.266 381.306 423.729
17.792 424.276 22.9237 416.775
1.6813 416.565 2.78598 425.352
402.524 427.361 407.945 429.693
400.96 419.775 407.048 415.096
216.33 416.042 229.139 420.42
122.698 415.293 147.284 431.179
123.803 415.12 136.331 425.128
25.0637 420.338 51.5962 421.195
468.905 413.031 486.973 420.472
453.873 414.263 470.607 422.159
453.525 414.095 471.375 422.858
364.524 413.232 369.363 420.255
165.955 411.688 169.946 424.029
89.647 418.769 90.6943 410.735
88.3405 415.547 92.261 412.101
544.907 410.45 545.909 419.705
445.218 415.831 449.646 408.685
445.658 415.816 449.155 409.073
525.039 446.525 529.614 452.441
514.661 430.68 517.976 438.712
521.478 428.406 523.727 436.431
530.364 411.332 531.019 418.242
530.348 413.308 536.815 410.596
431.601 415.391 440.783 400.167
545.308 405.861 547.7 408.432
219.218 406.63 234.124 417.162
101.709 418.664 123.608 406.338
435.863 404.331 443.414 411.653
167.009 429.013 168.876 433.896
352.612 411.321 363.557 404.285
130.032 403.441 142.656 408.047
100.25 403.859 107.834 405.358
10.5409 417.255 29.3107 406.227
422.062 417.638 428.396 421.146
417.839 407.16 420.812 412.839
422.676 402.676 427.324 407.324
333.384 415.47 347.453 401.609
512.527 406.032 514.519 401.192
80 416.736 80 412.264
28.1579 401.659 50.9322 408.405
47.507 405.246 51.4693 409.64
431.067 406.625 434.112 399.052
485.575 398.389 504.352 398.791
421.719 398.222 431.281 397.659
414.982 399.578 421.667 398.544
418.5 402.029 418.5 396.457
382.037 398.886 386.037 395.948
56.7955 396.175 61.5226 399.342
57.5104 396.297 60.7028 399.49
348.55 399.779 361.275 398.235
350 397.725 350 395.275
154.608 394.481 157.548 397.623
118.208 397.797 135.54 396.085
120.14 398.593 134.643 395.543
111.518 394.705 116.169 398.995
111.359 394.359 115.641 398.641
36.3536 394.072 39.771 398.587
323.128 402.227 343.535 397.334
499 392 501 394
443.039 392.039 448.606 397.606
443.428 392.428 448.435 397.435
434.152 405.918 438.33 391.829
65.4287 395.354 93.9327 395.703
64.7354 392.909 75.891 391.303
469.201 396.541 477.185 396.753
159.298 397.552 172.017 395.839
160.109 393.841 162.052 399.868
451.571 403.58 464.703 390.784
455.378 395.233 458.053 399.171
395.83 390.383 404.573 410.563
399.299 395.095 404.114 409.372
169.66 392.026 176.652 399.469
527.071 388.979 535.867 401.614
519.318 388.968 520.482 403.59
242.719 386.533 244.178 394.853
240.012 390.1 244.109 390.749
243 389 246 389
95.8906 387.153 105.231 395.36
522.323 392.901 527.161 386.003
232.321 385.907 234.827 390.351
127.127 386.357 130.086 389.93
316.218 385.638 340.763 387.745
535.21 384.584 542.194 390.414
401.004 384.672 405.328 388.996
403.5 389.049 403.5 383.951
222.64 382.773 230.962 394.84
106.312 385.619 123.324 390.286
112.84 387.828 122.257 390.993
109.664 384.156 112.199 388.93
454.404 395.652 469.115 383.786
407.588 383.436 410.999 385.617
136.334 385.448 136.721 391.002
56.1391 388.533 70.4735 386.493
56.7952 387.521 68.8865 385.206
512.151 381.683 513.162 394.707
511.068 389.011 511.932 381.989
233.379 383.812 238.508 380.745
73.7564 383.717 87.5529 383.709
238.078 382.911 248.663 395.449
250 391.725 250 389.275
320.045 381.623 332.199 382.566
319.687 381.255 331.215 382.007
494.395 377.249 502.985 392.368
492.492 380.083 504.359 386.764
32.0144 378.176 34.535 389.857
414.141 380.749 431.833 389.336
415.676 377.244 417.524 386.823
391.423 387.682 392.954 377.627
110.93 379.748 133.928 379.574
112.342 379.927 133.044 379.452
186.418 375.071 191.51 382.056
187.26 379.302 191.175 381.159
334.73 381.637 343.467 375.586
482.927 374.361 488.503 379.691
482.191 375.445 488.809 378.555
435.506 382.454 450.07 375.252
436.41 382.376 442.874 378.068
158.077 372.46 158.677 381.302
56.6439 375.375 72.3404 376.801
56.923 375.487 71.7142 376.49
183.03 379.976 185.916 373.169
222.014 373.089 231.519 382.882
421.28 372.745 437.421 377.349
424.059 375.698 430.941 381.302
422.999 368.621 424.327 376.803
544.235 366.499 547.934 372.393
240.635 372.829 240.72 364.703
90.4306 368.822 120.614 373.1
91.703 368.9 119.79 373
445.733 385.632 458.827 368.125
319.058 372.194 330.245 370.27
319.45 371.284 324.872 373.345
249.331 366.724 257.997 387.982
521.5 383.081 521.5 379.919
516.352 365.359 517.628 382.555
480.214 370.029 481.102 363.718
399.785 370.203 402.923 363.791
196.976 383.512 210.105 363.739
14.4484 364.121 28.0756 362.272
14.9953 363.843 26.095 363.181
497.091 360.171 499.921 378.392
498.94 376.612 499.335 367.754
495.473 359.622 499.728 366.855
431.762 361.329 446.942 367.879
432.676 360.676 437.324 365.324
270.819 352.928 279.129 367.776
231.243 361.09 240.563 376.434
234.825 374.841 238.74 376.698
204.486 364.405 223.513 365.629
84.3441 370.027 103.337 383.046
462.771 361.038 474.786 361.153
376.181 361.734 395.907 359.423
167.017 358.463 171.571 368.981
280.292 356.209 283.898 361.307
280.073 357.702 283.927 359.298
509.302 366.44 509.459 355.136
179.917 362.538 196.122 359.686
74.4301 356.222 113.409 364.211
75.4855 356.295 113.508 364.351
481.068 356.291 492.947 365.982
490.083 362.029 490.772 369.079
251.07 354.141 259.676 365.016
250.591 353.705 259.278 363.336
232.436 358.29 242.441 368.358
121.616 353.665 137.146 367.66
111.202 353.669 128.344 371.786
111.218 354.063 129.089 372.494
255.727 353.25 261.519 357.46
506.854 367.734 508.313 351.552
395.894 355.87 398.897 351.3
413.085 373.29 416.285 366.629
410.498 361.702 426.975 362.962
412.253 351.538 416.761 356.33
266.253 353.131 278.274 352.583
156.441 353.578 169.588 374.363
155.996 349.957 157.817 366.641
388.984 350.209 391.791 353.016
197.259 355.702 212.452 351.159
190.347 357.032 205.763 352.44
59.066 350.606 71.988 354.285
58.9878 349.756 74.2529 356.123
393.831 353.821 397.424 347.974
229.282 363.699 230.351 350.391
380.29 352.389 395.453 350.552
112.527 348.273 120.38 351.024
429 348.913 429 345.087
180.573 351.269 194.919 345.261
182 350.725 182 348.275
255.299 345.062 274.741 345.217
479.55 348.45 499.52 353.137
490.992 346.423 500.571 354.648
485.046 344.685 491.954 346.315
5.76344 342.163 7.83656 344.237
2.61989 341.83 4.80921 346.882
520.014 350.33 535.919 344.328
532.5 346.081 532.5 342.919
231.186 341.927 241.425 348.918
198.833 348.285 221.908 348.955
152.367 487.633 155.633 484.367
137.149 485.03 158.283 492.031
110.295 481.786 123.784 481.579
153.829 484.403 154.177 473.548
138.824 454.025 149.066 466.218
124.986 436.667 132.141 452.152
116.409 429.512 121.057 440.147
101.331 423.978 115.89 429.67
99.016 420.357 102.615 425.922
471.036 340.719 475.649 345.489
458.507 340.436 473.964 344.859
385.646 344.652 396.229 343.331
53.6222 340.744 100.201 352.981
71.9079 346.047 100.466 353.138
55.5425 343.032 73.8679 343.761
64 341 67 341
38.9162 356.614 38.9427 338.206
299.579 338.774 305.069 351.586
279.622 339.274 297.233 361.208
28.9497 350.497 29.6979 337.362
423.012 336.769 426.022 344.805
422.764 337.29 426.699 343.798
292.74 337.422 296.432 354.69
293.981 338.514 295.392 353.221
494.487 335.694 497.615 342.524
493.676 336.676 498.324 341.324
253.254 337.836 258.335 337.99
102.559 335.67 127.158 342.518
3.13716 353.342 8.6524 335.631
395.896 333.604 399.602 357.194
191.186 343.206 192.069 325.044
44.2018 335.74 48.9396 349.968
514.136 333.043 515.936 339.076
484.128 334.204 489.438 337.472
484.593 333.593 488.569 337.569
453.171 332.553 454.202 339.598
452.697 338.961 454.894 333.07
282.03 335.377 285.963 333.815
196.372 337.672 219.473 335.025
197.639 339.87 203.782 334.326
343.934 355.085 343.995 333.904
341.056 332.775 349.833 337.305
69.6371 332.767 88.4609 342.041
69.8056 332.252 88.191 342.224
536.525 334.412 548.258 332.965
297.489 334.687 321.288 332.597
145.197 330.997 147.657 347.992
140.273 338.69 150.204 348.147
141.576 331.616 155.251 341.192
52.9825 332.263 64.3904 335.674
52.6394 332.135 63.8922 335.727
351.896 330.636 359.986 339.523
352.642 331.098 359.667 337.339
334.486 340.611 334.486 328.653
275.382 329.214 281.913 332.737
164.423 382.619 170.732 386.55
174.832 381.756 178.681 376.321
173.5 379.081 173.5 375.919
174.888 365.249 180.259 359.579
175.576 356.186 180.262 352.342
161.074 345.461 168.321 338.805
167.026 339.693 179.594 331.141
518.793 337.224 533.785 327.449
514.665 328.686 521.535 335.341
433.589 340.527 451.284 348.136
433.297 335.51 436.49 338.703
432.065 334.237 446.034 329.62
413.151 327.463 421.523 333.863
247.547 334.913 251.014 339.556
240.524 333.227 246.172 337.875
247.012 331.9 251.109 331.251
243.19 330.507 248.043 332.904
251.485 331.818 258.192 328.76
1.64859 327.984 14.448 334.206
260.451 328.506 273.655 340.843
417.251 325.785 425.012 334.651
324.455 326.694 324.455 317.697
284.979 326.105 294.039 335.72
194.107 325.87 196.614 331.618
193.243 326.26 197.127 331.087
227.729 339.78 227.96 324.491
540.259 325.605 549.102 327.643
541.066 325.368 548.185 327.834
336.339 331.762 339.109 324.311
201.489 326.697 222.157 326.215
205.838 328.616 208.704 324.609
129.359 326.083 145.813 325.987
343.794 325.459 348.271 321.918
294.224 323.597 300.997 328.869
111.639 329.473 134.744 335.493
96.5252 331.088 117.011 325.044
53.351 323.625 59.637 326.791
53.9829 323.8 58.8987 326.477
501.237 322.097 505.808 326.931
254.614 323.357 268.332 323.866
255.041 323.106 260.144 323.691
449.976 322.672 471.647 335.144
450.923 323.352 471.831 335.071
355.483 320.502 382.286 340.504
318.096 325.067 337.948 321.924
275.02 321.726 278.894 336.199
342.698 320.158 349.561 328.813
288.457 320.069 295.66 321.175
288.481 320.613 294.561 321.19
299.975 318.007 305.953 322.889
300.508 318.332 305.507 323.439
244.012 319.1 248.109 319.749
87.502 324.458 108.751 319.962
89.2891 324.371 106.097 320.542
306.593 324.342 329.498 321.028
308.457 324.642 314.997 325.18
308.99 321.148 327.354 318.051
550.128 334.02 550.128 318.797
458.054 315.926 481.825 331.781
407.735 320.836 410.486 314.737
119.737 318.278 139.217 319.076
119.951 318.23 138.99 319.094
56.1516 315.636 63.8315 318.408
387.379 324.971 398.621 334.029
162.199 314.969 178.283 318.939
168.144 317.874 177.298 317.534
64.0104 313.013 83.0308 320.889
62.2392 311.091 83.5627 322.492
24 331 27 331
26.5015 333.093 36.525 327.873
34.0372 320.367 44.5275 330.844
320.749 312.229 329.436 312.034
25.8173 314.982 38.6735 313.571
27.8379 315.193 37.9014 313.309
358.348 311.383 362.399 310.554
359 311 362 311
330.902 313.46 348.738 315.517
331.947 317.318 339.053 317.318
87.3529 312.144 103.631 313.512
12.3987 327.027 12.3987 312.851
137.147 307.888 140.041 314.856
136.408 309.408 140.592 313.592
110.892 312.025 129.541 310.657
56.699 306.959 58.0375 322.528
53.0968 309.237 61.265 311.521
503.341 306.72 511.348 322.449
459.454 307.161 466.634 310.236
459.59 305.908 465.771 311.225
410.195 342.311 417.94 347.244
408.931 332.184 415.619 338.433
517.368 331.968 517.368 310.447
201.171 306.59 208.357 307.868
201.156 305.77 207.894 308.31
15.5752 309.904 32.0624 305.285
18.5619 299.506 23.2621 305.191
186.394 302.394 191.961 307.961
186.565 302.565 191.572 307.572
547.99 308.566 547.99 289.346
540.654 310.625 544.493 306.006
434.738 304.001 442.743 305.252
436.807 307.33 441.016 301.822
61.8026 300.852 85.185 315.386
78.1745 310.198 82.8228 315.362
61.2025 300.941 81.0509 311.79
394.033 303.052 401.877 302.817
394.106 302.168 401.236 303.219
444.841 320.561 457.393 311.386
89.4253 304.82 127.62 301.874
91.26 303.302 95.1752 305.159
93.9189 304.93 126.669 302.172
508.31 298.419 514.305 304.791
388.965 299.292 392.107 300.715
252.063 310.605 261.978 309.859
260.884 308.954 267.973 310.31
245.271 307.896 252.521 311.331
247.226 305.258 257.374 307.411
209.851 301.12 218.34 299.854
417.678 301.745 434.344 299.648
417.707 301.811 433.443 299.584
378.225 299.816 394.905 298.666
144.695 296.106 176.77 311.051
145.842 296.359 175.866 310.906
376.397 295.114 380.017 297.093
325.248 292.156 338.132 299.788
232.364 296.603 238.867 298.599
233.022 295.86 238.111 299.24
69.6935 294.971 87.0551 305.128
68.9487 294.107 85.4533 304.502
160.966 325.41 167.923 322.624
156.132 320.405 162.27 321.061
134.252 302.454 137.434 295.233
499.517 293.074 504.302 301.523
501.102 292.984 501.898 301.016
241.608 293.427 264.327 302.57
260.037 297.617 262.786 304.3
220.923 296.33 231.542 293.192
84.6447 295.801 117.378 294.094
83.2697 295.106 108.331 296.39
489.092 291.273 489.821 295.859
479.525 293.899 485.803 291.997
486.899 324.036 490.153 329.4
491.338 325.808 496.626 324.99
479.563 319.077 488.732 327.588
487 304 490 304
172.388 296.963 189.738 297.684
188 294.725 188 292.275
25.9144 292.725 33.3023 293.987
26.2946 292.941 33.0291 293.989
37.7591 304.226 42.191 291.983
341.707 294.76 361.394 300.432
152.387 289.493 168.88 296.991
152.823 289.068 168.588 297.441
444.964 294.427 450.072 289.697
303.561 294.142 303.561 274.739
489.42 300.105 489.937 287.16
385.554 289.217 401.016 289.311
392.156 287.77 398.894 290.31
369.603 293.648 381.461 287.507
372.075 289.006 372.828 295.052
375.988 286.478 381.364 290.198
307.5 308.081 307.5 304.919
301.971 307.691 307.262 306.606
290.757 306.229 297.988 308.656
267.771 299.397 280.357 313.016
312.367 295.367 315.633 298.633
245.915 285.922 252.326 289.668
246.258 285.798 251.821 289.302
164.959 285.41 184.668 292.588
51.9929 299.449 59.286 301.735
51.367 291.367 54.633 294.633
39.0901 285.431 42.9849 287.785
376.096 284.567 397.504 288.364
274.918 283.435 289.554 294.585
82.7266 285.673 100.435 289.359
82.4259 285.552 100.062 289.421
290.78 283.262 294.381 284.798
220.606 284.735 243.849 286.338
221.473 284.726 243.166 286.481
131.778 285.298 147.693 288.178
132.921 285.647 146.903 288.055
104.898 285.991 129.674 288.65
121.666 285.569 127.963 291.173
103.953 287.592 122.86 284.736
402.485 291.923 425.605 290.003
201.144 295.681 215.991 284.397
215 286.347 215 290.544
297.935 280.75 298.242 286.883
296.625 281.058 300.919 287.931
475.132 284.185 486.937 282.39
395.045 283.71 397.918 280.185
319.177 282.072 327.062 283.562
320.05 281.336 326.002 284.083
197.085 302.424 200.837 281.616
193.169 292.873 198.528 296.594
285.956 280.216 298.351 286.887
392.367 279.916 400.114 278.638
240.962 278.639 248.228 278.719
242.276 280.408 246.271 277.05
171.027 277.54 187.278 286.946
141.458 277.412 146.999 282.013
142.801 277.07 145.336 281.844
401.394 281.851 413.499 278.099
401.994 282.132 410.876 278.542
302.433 276.977 308.958 281.145
302.644 276.623 307.952 281.085
52.2856 283.415 64.3222 276.706
51.6926 284.023 64.7689 276.259
514.647 275.924 533.281 277.33
291.5 281.24 291.5 274.76
291.5 280.828 291.5 275.172
273.626 276.315 278.717 281.419
274.77 275.157 277.31 281.894
87.3528 276.446 104.073 279.818
89.6713 276.33 103.381 280.037
39.5951 275.308 41.3084 283.017
39.0331 277.009 42.3339 281.964
388.659 279.864 391.526 274.234
343.613 283.816 347.983 274.911
343.437 283.856 347.262 275.542
311.553 274.577 315.762 279.375
312.318 274.146 314.682 279.854
202.255 276.549 221.441 276.354
202.945 276.667 209.055 276.667
214.109 274.734 219.371 278.089
69.3152 275.259 85.8802 276.994
422.757 284.335 441.857 285.638
223.225 273.575 238.385 279.282
232.433 280.664 235.789 275.174
224.34 273.445 228.813 276.738
147.953 273.756 161.304 285.601
155.258 280.798 160.821 284.302
150.057 276.588 156.993 281.813
470.787 273.248 477.912 273.255
319.211 276.282 322.893 271.585
321 270.987 321 276.445
253.182 272.014 266.434 291.086
258.548 287.387 262.461 292.556
263.721 280.634 270.142 285.758
250.96 273.153 257.871 276.184
119.087 271.686 131.544 274.273
526.544 304.165 529.522 298.701
332.852 291.831 341.27 271.395
393.455 271.513 399.592 268.421
297.455 271.779 311.852 270.733
233.681 269.846 247.221 273.326
57.6983 266.299 60.8713 272.586
315.104 268.999 320.528 268.948
531.273 268.919 536.992 286.036
203.036 272.698 203.38 265.478
201.431 267.431 205.407 271.407
61.6291 266.292 68.0705 270.174
62.4868 266.305 66.6954 270.513
270.25 266.596 283.745 272.581
270.971 266.882 283.529 272.685
71.6833 267.022 85.9896 268.424
72.4463 266.722 85.3266 268.729
14.3839 270.245 34.1255 275.094
52.3147 269.93 61.0252 262.345
209.617 262.413 212.023 268.829
209.005 263.265 212.443 267.818
162.653 277.613 166.355 263.184
162.659 277.589 165.379 266.163
165 266.725 165 264.275
486.164 275.733 487.886 261.657
327.634 276.194 338.702 264.195
327.458 276.794 336.483 262.702
122.695 261.321 150.792 270.14
124.292 261.73 149.249 269.736
405.438 260.756 411.826 264.213
406.402 260.402 411.598 265.598
374.987 271.37 384.612 281.098
363.229 267.684 380.349 261.525
301.607 260.266 306.734 265.393
301.811 260.679 306.321 265.189
448.48 284.565 458.477 285.227
443.431 258.431 447.407 262.407
311.715 259.308 322.81 263.706
311.522 258.825 322.912 264.12
258.294 257.613 266.94 275.786
258.442 258.283 266.457 274.804
214.945 269.667 221.055 269.667
229.5 266.081 229.5 262.919
234.103 260.65 237.863 263.679
225.428 259.763 234.307 261.171
191.557 264.364 207.192 258.79
192.306 273.159 197.561 277.038
177 274 182 274
183.631 268.038 197.655 271.495
173.699 273.552 187.178 259.137
133 277 139 277
109.251 275.149 115.963 279.095
111 267.236 111 262.764
88.4178 263.256 111.37 260.763
418.997 261.181 441.229 266.083
266.266 257.607 271.393 262.734
266.679 257.811 271.189 262.321
277.152 257.042 292.013 270.807
136.25 256.88 156.552 263.277
28.9323 255.541 33.4192 261.83
501.038 278.866 508.004 276.702
498.701 272.309 500.611 285.854
497.702 268.073 499.298 271.927
497.76 261.116 499.511 266.104
212.395 254.925 220.173 264.889
117.345 254.68 120.633 260.365
118.302 254.875 120.478 260.954
21.0676 255.16 32.5835 268.054
452.996 255.064 472.492 275.277
359.5 259.24 359.5 252.76
359.5 258.828 359.5 253.172
51.3658 256.209 54.8559 252.877
365.81 256.501 374.614 253.151
348.332 252.452 351.611 266.179
71.9587 251.482 90.181 258.242
72.3391 251.078 91.4836 259.345
280.824 250.122 299.747 265.546
175.613 252.584 198.578 254.024
192.02 252.227 197.758 255.161
176.808 252.41 193.173 252.117
391.091 252.273 416.924 253.833
391.654 255.625 395.493 251.006
314.554 248.943 328.141 253.041
314.039 246.703 330.784 260.718
328.485 254.86 329.392 261.981
222.792 250.749 249.979 256.538
239.677 254.496 249.909 257.972
94.9913 250.225 114.305 253.438
470.803 250.252 479.117 264.842
470.1 257.988 470.749 253.891
469.584 249.222 473.416 254.778
291.731 248.462 303.871 256.035
291.247 247.747 304.014 256.264
54.0366 254.552 71.3037 259.369
61.8019 250.405 69.2101 254.363
426.836 247.423 430.1 253.792
426.585 248.204 430.223 252.975
113.564 246.806 134.484 255.903
114.809 247.114 133.976 255.787
51.2076 249.28 53.8005 247.923
397.527 246.552 410.732 247.958
215.898 247.991 232.638 250.696
216.895 249.215 222.991 247.465
134.163 247.974 172.785 259.813
153.998 252.168 173.532 261.102
24.6424 254.972 28.4943 246.571
517.57 248.674 528.321 257.657
497.828 247.726 499.429 245.675
453.019 246.448 463.994 252.89
458.017 252.417 464.048 253.841
169.449 246.29 174.867 248.958
172.5 250.05 172.5 244.95
496.5 248.126 496.5 250.274
349.606 243.088 351.965 255.136
461.986 248.634 478.014 245.366
389.835 246.053 415.195 246.87
380.927 245.387 388.675 247.117
381.074 244.361 387.84 248.02
338 242.893 339.767 250.356
337.852 250.068 340.057 243.045
471.358 245.035 495.136 248.218
472.565 242.622 479.354 247.306
356.391 243.24 374.885 248.428
231.055 243.147 235.606 247.592
233.075 242.006 233.828 248.052
509.098 248.904 511.388 241.028
417.994 243.743 425.767 244.19
419.302 241.949 424.593 245.965
326.523 242.992 334.144 244.34
326.921 243.228 333.971 243.917
95.1821 247.105 95.2013 240.805
94.0229 246.494 96.9901 241.082
433.164 240.143 436.985 245.076
239.782 245.254 240.892 238.89
238.514 240.309 242.831 243.647
201.876 241.94 209.578 242.947
202.584 242.245 208.839 242.428
307.34 240.389 324.591 244.963
292.789 238.386 309.295 249.826
203.066 252.752 216.526 240.701
47.8013 258.07 50.3358 262.844
64.2801 242.25 70.1703 245.116
62.5 244.081 62.5 240.919
465.622 238.623 472.267 243.088
436.893 253.723 451.767 241.528
437.405 247.132 438.061 253.27
447.006 240.075 453.052 240.828
254.832 239.884 277.318 246.581
264.824 243.208 276.508 245.955
262.127 242.441 266.295 245.026
254.071 238.025 264.312 243.65
371.996 239.317 379.367 239.741
373.018 238.762 378.759 240.267
221.387 237.564 228.03 240.996
222.679 236.811 227.189 241.321
174.792 239.832 202.193 242.31
183.767 244.273 197.894 245.239
171.05 238.465 200.791 238.122
39.5003 265.259 40.0864 271.279
28.0887 239.589 39.1468 242.631
459.921 234.889 464.732 237.963
424.803 235.198 430.714 240.03
425.428 235.428 430.435 240.435
357.386 235.592 366.209 238.991
112.872 240.965 129.409 236.349
113.478 241.206 127.841 236.416
99.1838 235.133 111.376 245.908
401.093 237.075 409.818 235.396
150.034 243.165 171.605 241.597
159.233 245.378 163.171 248.053
504.254 232.755 508.651 259.222
503.18 232.886 505.113 252.852
457.575 233.469 463.294 241.722
279.136 233.273 287.262 246.507
277.328 233.328 284.492 240.492
250.413 246.492 256.082 248.399
124.463 245.407 149.46 234.183
28.2339 233.954 33.5518 231.617
75.3839 235.883 86.7694 248.487
53.0769 233.515 73.6132 235.36
436.393 229.813 440.623 238.934
412.808 239.255 417.094 230.397
310.515 231.773 331.711 236.343
321.623 236 329.406 236
310.208 230.707 322.343 236.383
496 235.414 496 232.586
496 231.725 496 229.275
107.088 231.547 118.397 229.933
395.012 235.725 404.663 228.862
369.771 234.583 369.771 227.417
368.116 228.294 371.63 233.821
299.537 229.045 306.209 236.564
170.459 231.591 180.876 230.67
182.118 229.744 211.256 233.91
208.679 230.123 235.433 232.432
514.468 226.275 527.129 230.491
343.978 224.733 354.67 236.254
349.258 231.798 354.821 235.302
348.702 232.927 350.298 229.073
344.676 225.676 349.324 230.324
11.3661 229.059 36.854 231.651
35.2112 227.98 36.4873 233.282
422.207 226.145 428.897 226.249
379.599 223.978 384.389 229.096
379.555 224.542 383.705 228.447
330.666 224 331.833 231.74
257.532 225.333 271.756 238.074
144.576 230.123 149.919 224.532
145.324 230.204 148.82 224.252
268.733 222.313 290.304 231.322
287.555 229.542 291.705 233.447
267.846 225.571 286.336 224.974
468.442 221.783 475.807 227.875
354.695 225.882 370.733 223.785
171.464 223.564 183.523 222.61
120.514 229.542 136.805 222.809
101.505 226.956 119.252 223.416
102.615 227.065 118.092 223.37
73.971 226.059 98.9444 230.702
82.2308 230.687 99.2884 230.226
80.3369 228 85.1284 228
73.6301 227.717 84.1815 223.344
442.146 225.861 455.405 229.39
445.484 232.956 454.799 228.585
414.651 221.815 419.274 227.44
414.402 222.402 419.598 227.598
292.003 222.841 298.31 223.616
293.431 221.431 297.407 225.407
42.4002 222.712 61.6045 226.841
43.4706 222.704 60.8404 226.824
523.294 227.077 532.916 220.841
191.868 221.283 204.887 220.463
169.608 220.769 184.825 219.112
467.596 216.145 474.404 219.855
331.025 216.839 341.855 226.93
330.767 218.065 339.389 223.464
301.621 222.207 328.743 222.338
303.649 223.866 326.138 222.181
31.0118 218.816 37.1795 223.261
31.0247 220.065 37.642 221.875
509.098 229 516.452 229
437.372 216.949 441.278 220.551
340.438 217.356 355.532 221.381
347.091 218.245 352.909 221.755
345.5 220.081 345.5 216.919
340.233 216.378 344.171 219.053
119.66 215.82 123.838 220.939
356.207 217.562 381.363 217.437
97.8134 218.173 120.621 214.927
104.499 217.418 119.18 215.176
65.318 221.146 67.682 226.854
89.979 212.469 95.0549 215.25
431.505 227.118 434.28 212.463
296.897 211.087 302.031 214.769
297.553 211.295 301.458 215.445
158.249 212.585 168.382 216.047
472.423 219.2 481.359 210.718
409.301 218.194 412.542 209.777
408 212 411 212
335.498 211.761 342.076 210.249
336.073 210.702 339.927 212.298
34.1287 213.599 34.9309 211.109
430.535 210.084 434.423 207.468
428.129 211.599 428.931 209.109
418.5 207.055 425.001 220.985
421.021 214.298 424.979 220.702
416.815 209.98 422.556 208.703
360.557 208 367.501 208
362 208 365 208
216.886 219.276 234.752 217.344
346.614 207.704 356.617 210.578
203.118 210.652 213.828 204.136
98.6236 207.602 130.805 210.186
99 208 111 208
503.956 204.002 505.188 223.247
503.822 210.983 509.959 216.837
9.00794 206.989 24.5507 208.931
423.521 205.532 430.122 202.283
396.985 202.705 402.448 214.935
395.391 205.371 402.526 208.491
325.059 213.87 325.958 203.007
324.243 203.487 327.573 213.207
54.9492 208.316 79.1999 204.885
53.6471 208.772 78.4764 204.654
158.586 202.901 162.123 209.869
247.481 203.505 247.481 201.955
541.419 199.883 544.636 206.728
517.473 209.296 519.204 199.884
515.686 203.204 520.549 207.332
271.032 201.73 292.145 211.272
289.297 210.49 292.49 207.297
273.214 205.299 280.473 208.658
277.141 201.854 290.208 208.007
220.006 200.525 233.478 207.706
453.231 198.665 469.624 205.165
447.489 198.604 465.011 208.403
258.612 200.711 267.89 202.296
259.082 200.351 267.929 202.022
386.308 207.39 401.016 197.444
473.167 203.864 475.131 196.407
472.8 197.983 475.477 202.899
201.738 194.373 210.585 197.239
145.407 193.769 153.408 197.855
150.796 207.656 155.649 213.555
148.926 201.586 153.029 206.53
42.5104 210.297 45.7028 213.49
42.5234 192.76 46.4051 207.296
334.668 194.253 342.276 206.652
332.732 196.551 338.279 207.553
225.154 196.844 235.083 194.171
412.074 205.948 413.935 198.847
439.841 194.825 441.698 198.74
209.444 199.131 209.444 178.792
30.1551 193.225 33.3124 204.771
517.715 192.724 524.338 193.926
196.683 191.634 198.185 202.253
493.646 189.162 496.727 212.093
493.577 189.742 495.899 204.637
475.402 193.072 479.32 188.925
155.901 190.597 162.719 193.683
442.621 182.417 455.806 194.591
390.044 228.627 394.71 232.136
387.156 217.659 389.858 222.931
466.539 189.175 474.489 190.126
420.492 186.329 424.335 191.703
422.075 186.006 422.828 192.052
304 194.414 304 191.586
310.88 190.749 313.575 202.154
311.572 193.742 312.392 199.888
323.5 189.081 323.5 185.919
190.975 185.382 193.576 191.684
57.4385 188.27 64.853 187.823
58.0463 189.478 64.1249 187.302
513.5 187.294 513.5 188.373
357.296 199.139 361.312 183.215
9.13015 189.337 13.8741 195.337
67.0952 184.952 78.9706 187.277
67.8547 185.809 76.9955 185.813
40.6566 184.206 55.3441 191.895
474.317 182.389 477.696 188.079
428.731 184.874 457.601 189.212
241 199.725 241 197.275
104.613 181.962 107.785 188.195
103.943 182.284 108.467 187.726
79.729 186.634 101.966 193.077
83.2297 191.746 104.34 195.087
95.0487 184.014 97.8602 189.89
487.537 277.074 492.182 282.693
487.487 250.165 490.152 256.671
485.316 235.832 488.821 245.602
464.445 229.016 475.556 234.819
484.956 222.681 486.266 214.578
481.64 183.136 485.224 188.761
458.947 180.43 463.122 185.852
459.188 180.161 462.161 185.84
379.521 185.293 380.666 180.097
112.817 180.968 120.579 183.453
113.933 180.83 118.873 183.266
279.076 181.801 292.709 196.532
82.5797 180.642 97.2974 180.905
512.295 179.461 535.441 190.919
530 191.725 530 189.275
450.455 177.668 453.6 183.301
450.35 178.255 453.704 182.429
376.375 195.346 380.994 191.507
52.0242 181.361 62.9031 178.979
52.1394 180.859 62.3882 179.699
4.46022 180.648 22.6444 180.97
165.433 177.503 173.669 180.822
166.074 176.913 172.834 181.245
30.0134 177.014 34.7803 184.855
386.5 178.45 386.5 180.95
4.8818 176.968 4.8818 172.497
490.894 173.694 493.005 184.868
66.1827 175.167 78.3058 178.236
67.0864 175.11 77.1207 178.395
39.3781 176.19 45.0459 176.854
40.7076 174.26 43.9553 178.762
499.243 180.747 500.043 173.905
421.646 181.365 432.123 173.052
363.774 175.09 376.328 174.823
141.251 184.891 141.9 188.988
141 184.725 141 182.275
455.099 171.068 473.567 182.667
458.298 171.245 464.771 172.389
415.602 170.211 416.638 178.683
415.608 171.019 416.515 178.14
3.04545 172.068 11.3087 173.952
500.254 170.744 508.313 173.172
79.6578 169.751 85.1201 175.023
79.2975 169.95 84.7849 174.54
46.7789 174.725 65.2227 171.061
13.19 169.119 26.0619 175.12
89.6912 167.558 106.784 177.649
28.7121 168.096 32.8244 174.362
28.1114 172.81 33.1811 170.768
459 168.255 462.759 167.521
155.032 167.868 163.443 177.397
93.5407 167.547 105.761 175.198
384.5 167.137 384.5 165.529
38.5881 165.141 44.499 171.092
41 169.736 41 165.264
66.431 163.431 71.569 168.569
66.6762 163.676 71.3238 168.324
73.5981 164.238 88.3767 165.34
75.1043 163.843 88.1058 165.449
131.172 158.287 134.821 173.722
132 164.414 132 161.586
408.385 182.633 414.557 188.268
402 181.236 402 176.764
398.54 172.784 408.562 174.279
436.635 169.524 442.744 175.469
160.556 156.241 176.358 163.063
46.9025 166.142 69.0158 158.309
57.6628 164.248 69.2845 155.448
17.1808 160.195 30.9202 168.406
29.5 163.05 29.5 157.95
16.9186 160.068 24.9838 160.013
270.387 160.402 281.834 154.235
440.973 161.664 458.583 167.225
423.339 155.442 437.622 157.63
426.145 156.005 435.513 157.066
384.81 155.485 386.693 174.317
322.143 157.277 331.206 156.48
325.5 161.081 325.5 157.919
325 154 328 154
42 158.506 53.1863 156.288
46.0704 156.697 53.131 157.493
164.225 152.434 176.571 154.026
141.144 170.814 142.808 152.052
141.533 153.959 145.882 166.005
6.93871 155.047 25.6474 154.5
440.564 155.992 441.414 149.924
147.012 150.848 153.702 166.37
426.544 151.046 434.881 147.985
288.004 152.485 297.861 148.003
17.5593 148.308 18.5903 148.595
140.493 215.561 145.492 220.668
121.5 193.081 121.5 189.919
114.676 188.676 119.324 193.324
118.768 171.397 125.73 185.111
116.5 174.081 116.5 170.919
94.8958 160.442 112.96 171.99
104.891 156.78 108.64 163.994
19.8201 154.999 19.8201 146.422
381.767 145.358 385.69 151.47
380.127 145.875 386.047 150.092
169.822 145.816 181.821 153.232
135.669 148.037 143.527 149.082
5.8671 146.543 14.1508 145.522
110.283 144.394 124.303 158.501
522.983 143.775 538.502 153.207
470.505 144.306 479.086 144.863
436.068 136.51 442.17 145.586
409.844 154.61 423.576 143.319
460.517 144.596 484.208 156.18
353.481 141.123 357.878 144.129
476.569 140.438 482.276 146.829
73.2372 140.779 89.9272 148.352
74.1663 140.581 89.5476 148.745
92.3002 140.412 105.434 151.019
110.327 137.502 123.294 144.372
502.034 136.011 508.537 144.138
426.123 152.853 426.123 139.517
1.15484 145.377 18.7676 139.131
490.215 133.993 496.647 157.314
347.827 142.09 351.824 134.983
63.5089 133.512 67.0733 138.689
63.627 134.044 67.1364 138.71
543.807 132.608 547.531 140.22
454 149 457 149
136.369 131.063 146.24 145.149
140.702 137.927 142.298 134.073
134.394 132.199 141.763 134.675
44.3294 134.285 52.4128 131.592
56.4394 130.992 69.261 131.594
513.39 126.732 515.208 132.594
469.305 127.611 479.819 131.864
253.219 139.852 253.819 115.339
427.735 129.801 441.052 129.19
422.853 138.263 425.263 126.275
425.251 131.891 425.9 135.988
423.5 133.081 423.5 129.919
409.869 127.018 417.289 131.715
410.746 126.746 416.254 132.254
373.299 147.553 380.672 128.403
372.962 146.779 382.239 131.319
375.26 128.302 379.175 130.159
479.093 181.034 482.76 163.196
145.117 128.215 159.436 128.004
150.579 131.222 155.083 125.727
74.6533 126.837 88.6211 139.45
78.3571 134.059 89.887 139.032
74.6855 126.204 79.5492 130.332
24.1201 124.959 29.0703 147.764
145.986 122.172 148.591 125.919
134.5 125.081 134.5 121.919
457.264 130.647 458.318 119.065
14.9299 119.167 16.5594 130.231
488.605 131.513 489.949 118.256
489 130.725 489 128.275
489.106 127.724 489.847 118.673
458.548 120.657 477.663 127.378
400.964 118.801 404.083 124.097
51.0397 121.27 81.252 122.464
41.3663 120.502 48.2359 123.77
42.302 119.949 47.5931 123.965
426.747 118.489 439.677 121.412
393.023 118.621 393.224 126.568
381.048 119.128 386.151 128.033
383.533 120.802 384.5 126.942
365.759 139.012 366.866 119.144
51 150 54 150
403.29 118.083 407.377 118.584
21.0357 116.556 25.6631 118.968
279.322 127.632 279.322 115.483
205.258 121.942 209.796 114.717
8.21929 113.046 9.72111 120.38
411.611 114.743 416.764 119.21
95.3389 122.23 99.5068 125.609
100.235 115.159 106.113 117.83
49.9647 114.732 68.0131 115.06
50.7041 114.535 67.1774 114.955
401.001 113.14 408.172 113.073
250.323 120.09 259.677 109.91
517.505 123.795 519.453 111.406
358.546 128.401 369.549 111.442
500 167.736 500 163.264
512.367 147.367 515.633 150.633
505.34 134.008 507.456 128.267
198.982 119.926 204.814 109.463
141.86 107.064 152.415 118.984
535.81 106.274 552.353 116.82
74.7527 108.924 85.2554 114.705
497.027 109.142 501.904 108.216
456.637 108.378 463.505 112.317
457.228 107.826 462.789 112.255
208.438 112.017 209.602 106.59
437.737 106.907 450.243 111.906
427.411 107.262 429.716 116.88
428.005 115.836 429.757 109.015
87.295 109.89 100.125 109.727
72.22 107.807 86.5087 112.107
197.38 116.215 206.87 104.658
41.2946 105.756 58.0962 108.014
402.537 104.353 409.019 145.996
61.0577 103.231 65.769 107.942
60.9102 103.311 65.6887 108.09
33.6071 104.43 39.4672 118.232
34.4019 110.402 39.5981 115.598
3.30239 102.701 26.3656 118.017
443.241 103.479 447 102.745
70.1379 101.268 85.4197 102.995
69.9168 101.599 85.9992 103.537
470.21 96.0595 480.081 103.94
315.243 98.814 331.073 100.519
117.254 105.675 117.746 94.3253
511.714 98.9204 517.9 107.016
380.162 99.3972 381.279 115.023
341.324 97.031 345.774 100.067
105.918 96.792 110.809 99.2752
107.006 96.5074 111.625 100.346
533.466 104.271 546.988 97.0878
537.891 105.749 541.988 105.1
501.449 98.9977 506.119 122.489
89.6613 95.4788 91.8332 101.942
88.5929 96.5929 92.5688 100.569
536.54 94.9319 542.04 101.146
541.5 97.6172 541.5 96.097
433.317 95.0334 434.721 94.0185
418.7 91.6945 422.1 100.021
445.02 92.3316 447.085 99.7028
429.447 92.3717 430.951 106.379
429.96 97.8092 430.639 103.685
134.787 110.916 136.481 116.766
132.598 92.2806 135.36 91.5988
306.634 90.1346 318.524 98.9367
68.5259 92.5113 85.8551 94.0831
70.1989 93.4688 85.1982 93.6292
207.159 94.2693 217.937 87.0154
87.4786 89.0902 100.554 92.4159
47.8743 91.0506 55.7813 89.1328
14.3691 85.5497 25.0114 104.982
22.5073 104.006 26.3457 108.625
23.5 104.081 23.5 100.919
314.075 85.1875 333.505 97.122
201.027 90.5407 209.382 86.5258
430.702 84.7016 435.546 89.5457
430.676 84.6762 435.324 89.3238
419.257 83.8687 422.006 90.4778
418.679 84.8112 423.189 89.3207
405.125 86.8763 405.818 84.4813
139.785 85.7443 158.261 101.204
216.322 82.5961 217.795 100.738
213.589 100.338 219.939 93.6049
216 92 219 92
33.3836 93.323 38.4113 96.9511
487.98 91.6107 503.711 80.9759
87.1334 83.7964 89.513 79.8593
428.296 78.6225 430.957 81.781
64.3742 87.2668 89.355 80.1746
65.3582 87.1967 88.3836 80.4153
424.831 77.9409 428.009 83.9393
324.5 81.7071 324.5 80.2929
450.143 88.2112 454.861 94.0937
206.578 81.5563 217.368 80.3135
93.0452 76.2689 113.59 89.1485
30.4056 77.7405 49.9144 85.8977
30.0328 77.9143 49.697 85.6293
431.276 76.4559 444.456 86.8393
439.818 80.2885 442.213 86.9013
9.83492 77.5698 17.0578 92.6765
10.6596 84.3142 18.042 90.3626
73.954 76.045 78.9269 72.9947
516.305 73.2286 529.59 88.0988
331.595 78.9452 339.917 73.0177
321.832 70.945 328.19 78.8215
299.337 79.901 316.984 74.1746
304.5 77.0811 304.5 73.9189
449.519 101.268 463.837 98.2163
455.591 66.1258 460.178 79.1027
327.662 71.7976 338.504 69.5184
325.5 70.4214 325.5 69.0072
34.258 70.0021 67.4643 71.9345
34.4424 71.175 42.6532 69.1026
41.3191 70.6858 66.086 71.7552
16.7529 61.551 23.4661 83.6198
13.5 68.0811 13.5 64.9189
513.5 67.4723 513.5 64.242
3.74858 68.8807 8.34775 64.4014
498.685 64.2511 504.719 72.0156
376.937 69.8508 380.176 59.6822
369.215 69.173 370.579 61.212
381 85 384 85
378.999 77.8709 381.656 84.3022
416.297 92.3925 452.708 30.2715
436.473 70.6729 446.141 70.1766
491.464 59.3735 498.994 75.8119
317.358 68.5693 326.239 55.4824
547.5 64.5153 547.5 65.9553
475.018 56.8695 479.715 64.2886
474.746 57.7462 480.254 63.2538
248.147 57.1236 251.193 65.7841
436.454 65.9103 455.93 58.1496
440.5 64.0811 440.5 60.9189
395.143 61.2888 409.307 62.6571
399.22 124.905 399.728 136.507
405.275 102.703 415.101 105.603
412.968 55.1463 424.243 65.7053
412.167 54.3538 425.233 66.2474
371.86 54.2814 379.404 63.0932
78.2188 56.3114 104.429 55.1382
114.105 52.0233 124.602 60.1577
114.609 52.0702 124.334 60.76
256.071 49.5825 257.615 67.0932
255.932 50.7329 257.721 66.0066
22.5335 52.2987 29.6879 62.6797
268.009 49.5241 268.537 71.5945
223.15 60.2317 237.567 50.3939
456.297 51.6713 472.63 53.6481
463.452 49.3847 465.373 56.1215
424.416 52.8158 436.099 54.018
384.648 48.5498 387.098 54.2135
11.3959 56.5437 13.6105 47.9314
492.757 81.1442 495.59 75.8336
409.387 46.4655 420.43 47.7142
384.215 53.1762 407.579 59.7133
489.879 50.2094 506.386 54.443
-8.13468 46.8884 7.19448 62.5508
93.319 46.574 99.6772 46.146
256.34 44.3853 263.381 48.6042
210.405 44.3214 213.113 64.7036
404.237 50.9265 406.606 42.9588
373.696 42.9355 378.603 55.2721
313.907 47.7982 333.189 50.3877
424.777 41.07 427.961 48.0073
426.142 48.1618 426.142 40.8382
432.663 44.5571 456.44 45.4964
452.288 42.1301 457.83 46.333
320.479 41.3676 330.12 49.2244
502.542 38.8262 523.458 35.1738
23.4869 38.5552 26.6282 42.0701
377.398 40.5181 391.596 40.0686
362.075 37.3797 363.897 45.4422
361.357 38.1026 364.448 44.742
131.818 80.5759 139.895 80.9274
137.796 71.376 138.039 78.2415
124.273 49.6875 132.85 45.8117
63.6357 38.5475 73.684 43.9963
56.8347 56.6413 64.8789 56.972
54.6753 47.2312 55.6131 60.3564
505.728 35.1642 525.396 43.6803
464.439 36.3867 481.599 50.4316
122.611 38.5997 139.211 47.943
381.311 38.8657 382.275 33.298
33.0156 38.3983 37.2378 32.1854
532.886 31.5061 537.427 48.5003
532.633 43.9199 534.613 48.8159
530.373 34.2323 537.88 47.0823
364.315 30.1137 371.479 37.9228
17.2211 31.8726 25.2507 30.1056
28.0473 31.239 28.0473 28.4006
492.865 22.4021 493.989 33.5582
499.239 37.171 502.833 25.6483
41.9864 30.6342 58.0136 27.3658
9.65081 27.8112 18.9823 33.8882
515.846 24.4866 521.832 33.5206
401.956 24.6533 408.333 29.4114
496.142 39.9941 511.082 24.7504
412.593 27.6071 449.383 29.368
224.798 23.5699 235.29 25.7838
208.804 21.3878 210.437 24.0512
5.86333 27.4384 11.855 21.0125
237.168 25.6861 249.805 23.7267
229.725 17.8574 234.644 24.9494
489.934 18.8029 507.507 17.0438
416.233 20.2813 416.233 18.6826
388.555 21.3774 411.314 34.6526
523.001 18.002 531.632 30.9791
481.402 29.0691 486.579 38.5275
476.835 26.665 482.012 29.1793
430.689 25.7235 452.774 19.3917
170.179 17.1695 179.154 25.5731
302.919 20.9405 312.79 13.0595
203.751 26.1297 205.283 17.0761
19.1612 15.7035 21.4741 19.1484
535.426 27.6998 540.645 16.147
143.385 13.3677 144.632 20.7502
0.596343 21.6136 8.18178 13.7978
449.313 13.3131 451.897 15.8974
532.32 10.1095 534.176 14.256
399.973 15.4915 413.564 18.682
190.792 14.0591 203.403 24.3045
433.509 16.0665 440.639 11.1008
414.88 10.1249 419.574 16.6786
145.819 17.2846 164.527 12.5613
147 16.7247 147 14.2753
203.578 15.9371 218.938 14.3882
431.638 7.07764 434.362 18.9224
299.905 21.8542 305.773 7.05984
32.646 9.92027 44.4102 20.532
39.8672 19.3902 45.5374 21.4813
336.55 10.3871 345.182 8.91539
330.615 6.17526 336.415 13.1918
174.965 6.87419 180.77 28.8182
134.361 10.4937 136.456 5.68785
2.84964 14.2259 5.51627 6.74341
199.948 8.64471 199.948 -7.85298
351.628 13.7924 352.008 2.09044
273.391 5.09963 281.91 8.43341
509.871 1.54701 515.048 3.62263
415.097 8.04273 422.402 1.59997
336.233 2.69948 349.663 3.79213
322.938 0.483145 334.278 22.0253
295.877 5.72 301.729 0.212469
289.873 16.5995 304.833 5.04638
276.223 1.30332 288.558 2.86359
220.005 12.637 233.069 1.1573
222.597 7.1301 226.398 -4.80886
216 -2.46099 216 4.46099
197.548 0.838177 205.487 2.74901
122.753 10.3554 140.076 4.27441
